# Mass Balance;  Findelen; 16; annual
# name; date0; time0; date1; time1; period; date_quality; x_pos ; y_pos ; z_pos ; position_quality; mb_raw ; density ;  density_quality ; mb_we ; measurement_quality ; measurement_type ; mb_error ; reading_error ; density_error ; error_evaluation_method; source
# (-);  (yyyymmdd); (hhmm) ; (yyyymmdd); (hhmm) ; (d) ; (#) ; (m) ; (m) ; (m a.s.l.) ; (#) ; (cm) ; (kg m-3) ; (#) ; (mm w.e.) ; (#) ; (#) ; (mm w.e.) ; (mm w.e.) ; (mm w.e.) ; (#) ; (-) 
#  GLAMOS / VAW-ETHZ    ; production-date 20231108 ;   reference ; http://www.glamos.ch
        110   20041028 1200   20051017 1200  354.0  1   629701.0  95577.0  2560.0   2  -790   900   1  -7110   1   1   115    45   106   0  mh,al,ns,ufr,uzh
        120   20041028 1200   20051017 1200  354.0  1   629792.0  95420.0  2590.0   2  -823   900   1  -7407   1   1   119    45   111   0  mh,al,ns,ufr,uzh
        200   20041028 1200   20051017 1200  354.0  1   630318.0  95452.0  2675.0   2  -633   900   1  -5697   1   1    96    45    85   0  mh,al,ns,ufr,uzh
        310   20041028 1200   20051017 1200  354.0  1   630923.0  95492.0  2730.0   2  -543   900   1  -4887   1   1    86    45    73   0  mh,al,ns,ufr,uzh
        320   20041028 1200   20051017 1200  354.0  1   630994.0  95234.0  2745.0   2  -583   900   1  -5247   1   1    90    45    78   0  mh,al,ns,ufr,uzh
        400   20041028 1200   20051017 1200  354.0  1   631529.0  95365.0  2835.0   2  -466   900   1  -4194   1   1    77    45    62   0  mh,al,ns,ufr,uzh
        700   20041028 1200   20051017 1200  354.0  1   632534.0  94365.0  3040.0   2  -150   900   1  -1350   1   1    49    45    20   0  mh,al,ns,ufr,uzh
        910   20041028 1200   20051017 1200  354.0  1   634447.0  94387.0  3280.0   2    18  1000   5    180   2   2   224   223    18   0  mh,al,ns,ufr,uzh
        930   20041028 1200   20051017 1200  354.0  1   634415.0  93922.0  3296.0   2    30  1000   5    300   2   2   225   223    30   0  mh,al,ns,ufr,uzh
       1140   20041028 1200   20051017 1200  354.0  1   633425.0  92300.0  3450.0   2   280   539   6   1509   1   2   188    53   181   0  mh,al,ns,ufr,uzh
        110   20051017 1200   20061011 1200  359.0  1   629790.0  95558.0  2590.0   2  -887   900   1  -7983   1   1   127    45   119   0  mh,al,ns,ufr,uzh
        120   20051017 1200   20061011 1200  359.0  1   629857.0  95424.0  2593.0   2  -808   900   1  -7272   1   1   117    45   109   0  mh,al,ns,ufr,uzh
        200   20051017 1200   20061011 1200  359.0  1   630303.0  95454.0  2648.0   2  -686   900   1  -6174   1   1   102    45    92   0  mh,al,ns,ufr,uzh
        310   20051017 1200   20061011 1200  359.0  1   630895.0  95483.0  2711.0   2  -612   900   1  -5508   1   1    94    45    82   0  mh,al,ns,ufr,uzh
        320   20051017 1200   20061011 1200  359.0  1   630963.0  95234.0  2721.0   2  -662   900   1  -5958   1   1   100    45    89   0  mh,al,ns,ufr,uzh
        400   20051017 1200   20061011 1200  359.0  1   631474.0  95371.0  2806.0   2  -520   900   1  -4680   1   1    83    45    70   0  mh,al,ns,ufr,uzh
        700   20051017 1200   20061011 1200  359.0  1   632499.0  94401.0  3040.0   2  -332   900   1  -2988   1   1    63    45    44   0  mh,al,ns,ufr,uzh
        800   20051017 1200   20061011 1200  359.0  1   633300.0  93856.0  3125.0   2  -189   900   1  -1701   1   1    51    45    25   0  mh,al,ns,ufr,uzh
        910   20051017 1200   20061011 1200  359.0  1   634447.0  94387.0  3280.0   4   -82   900   1   -738   1   1    46    45    11   0  mh,al,ns,ufr,uzh
       1010   20051017 1200   20061011 1200  359.0  1   635094.0  93920.0  3349.0   2   100  1000   5   1000   2   2   244   223   100   0  mh,al,ns,ufr,uzh
       1140   20051017 1200   20061011 1200  359.0  1   633425.0  92300.0  3450.0   2   320   539   6   1724   1   2   213    53   206   0  mh,al,ns,ufr,uzh
        110   20061011 1200   20071009 1200  363.0  1   629812.0  95557.0  2589.0   2  -810   900   1  -7290   1   1   118    45   109   0  mh,al,ns,ufr,uzh
        120   20061011 1200   20071009 1200  363.0  1   629854.0  95434.0  2590.0   2  -803   900   1  -7227   1   1   117    45   108   0  mh,al,ns,ufr,uzh
        200   20061011 1200   20071009 1200  363.0  1   630308.0  95461.0  2650.0   2  -616   900   1  -5544   1   1    94    45    83   0  mh,al,ns,ufr,uzh
        310   20061011 1200   20071009 1200  363.0  1   630865.0  95486.0  2710.0   2  -522   900   1  -4698   1   1    83    45    70   0  mh,al,ns,ufr,uzh
        320   20061011 1200   20071009 1200  363.0  1   630964.0  95232.0  2720.0   2  -632   900   1  -5688   1   1    96    45    85   0  mh,al,ns,ufr,uzh
        400   20061011 1200   20071009 1200  363.0  1   631478.0  95381.0  2810.0   2  -463   900   1  -4167   1   1    77    45    62   0  mh,al,ns,ufr,uzh
        500   20061011 1200   20071009 1200  363.0  1   632133.0  95015.0  2938.0   2  -283   900   1  -2547   1   1    59    45    38   0  mh,al,ns,ufr,uzh
        700   20061011 1200   20071009 1200  363.0  1   632561.0  94307.0  3057.0   2  -177   900   1  -1593   1   1    50    45    23   0  mh,al,ns,ufr,uzh
        800   20061011 1200   20071009 1200  363.0  1   633299.0  93854.0  3134.0   2   -64   900   1   -576   1   1    45    45     8   0  mh,al,ns,ufr,uzh
        910   20061011 1200   20071009 1200  363.0  1   634447.0  94387.0  3280.0   4     2  1000   5     20   2   2   223   223     2   0  mh,al,ns,ufr,uzh
        930   20061011 1200   20071009 1200  363.0  1   634415.0  93922.0  3296.0   2    20  1000   5    200   2   2   224   223    20   0  mh,al,ns,ufr,uzh
       1010   20061011 1200   20071009 1200  363.0  1   635094.0  93920.0  3349.0   4   200   539   6   1078   1   2   140    53   129   0  mh,al,ns,ufr,uzh
        110   20071009 1200   20081012 1200  369.0  1   629887.0  95550.0  2590.0   2  -778   900   1  -7002   1   1   114    45   105   0  mh,al,ns,ufr,uzh
        120   20071009 1200   20081012 1200  369.0  1   629916.0  95409.0  2588.0   2  -754   900   1  -6786   1   1   111    45   101   0  mh,al,ns,ufr,uzh
        200   20071009 1200   20081012 1200  369.0  1   630329.0  95452.0  2650.0   2  -666   900   1  -5994   1   1   100    45    89   0  mh,al,ns,ufr,uzh
        310   20071009 1200   20081012 1200  369.0  1   630897.0  95494.0  2710.0   2  -600   900   1  -5400   1   1    92    45    80   0  mh,al,ns,ufr,uzh
        320   20071009 1200   20081012 1200  369.0  1   631000.0  95250.0  2720.0   2  -656   900   1  -5904   1   1    99    45    88   0  mh,al,ns,ufr,uzh
        400   20071009 1200   20081012 1200  369.0  1   631478.0  95381.0  2810.0   2  -463   900   1  -4167   1   1    77    45    62   0  mh,al,ns,ufr,uzh
        500   20071009 1200   20081012 1200  369.0  1   632095.0  95062.0  2935.0   2  -319   900   1  -2871   1   1    62    45    43   0  mh,al,ns,ufr,uzh
        610   20071009 1200   20081012 1200  369.0  1   632409.0  94993.0  2883.0   2  -329   900   1  -2961   1   1    63    45    44   0  mh,al,ns,ufr,uzh
        700   20071009 1200   20081012 1200  369.0  1   632519.0  94340.0  3040.0   2  -234   900   1  -2106   1   1    54    45    31   0  mh,al,ns,ufr,uzh
        800   20071009 1200   20081012 1200  369.0  1   633279.0  93867.0  3130.0   2  -151   900   1  -1359   1   1    49    45    20   0  mh,al,ns,ufr,uzh
        910   20071009 1200   20081012 1200  369.0  1   634335.0  94422.0  3280.0   2   -41   900   1   -369   1   1    45    45     5   0  mh,al,ns,ufr,uzh
       1010   20071009 1200   20081012 1200  369.0  1   635094.0  93920.0  3349.0   4   200   539   6   1078   1   2   140    53   129   0  mh,al,ns,ufr,uzh
        110   20081012 1200   20091006 1200  359.0  1   629890.0  95565.0  2600.0   2  -827   900   1  -7443   1   1   120    45   111   0  mh,al,ns,ufr,uzh
        120   20081012 1200   20091006 1200  359.0  1   629922.0  95415.0  2588.0   2  -784   900   1  -7056   1   1   115    45   105   0  mh,al,ns,ufr,uzh
        200   20081012 1200   20091006 1200  359.0  1   630331.0  95465.0  2640.0   2  -670   900   1  -6030   1   1   101    45    90   0  mh,al,ns,ufr,uzh
        310   20081012 1200   20091006 1200  359.0  1   630877.0  95491.0  2700.0   2  -549   900   1  -4941   1   1    86    45    74   0  mh,al,ns,ufr,uzh
        320   20081012 1200   20091006 1200  359.0  1   630956.0  95254.0  2720.0   2  -641   900   1  -5769   1   1    97    45    86   0  mh,al,ns,ufr,uzh
        500   20081012 1200   20091006 1200  359.0  1   632128.0  95037.0  2935.0   2  -229   900   1  -2061   1   1    54    45    30   0  mh,al,ns,ufr,uzh
        610   20081012 1200   20091006 1200  359.0  1   632397.0  95005.0  2883.0   2  -317   900   1  -2853   1   1    62    45    42   0  mh,al,ns,ufr,uzh
        800   20081012 1200   20091006 1200  359.0  1   633259.0  93876.0  3130.0   2   -52   900   1   -468   1   1    45    45     7   0  mh,al,ns,ufr,uzh
        910   20081012 1200   20091006 1200  359.0  1   634293.0  94427.0  3280.0   2    41   522   3    214   1   1    31    26    17   0  mh,al,ns,ufr,uzh
       1010   20081012 1200   20091006 1200  359.0  1   635085.0  93915.0  3349.0   2   181   522   2    944   1   3    53    26    47   0  mh,al,ns,ufr,uzh
        110   20091006 1200   20100929 1200  358.0  1   629947.0  95564.0  2597.0   2  -769   900   1  -6921   1   1   113    45   103   0  mh,al,ns,ufr,uzh
        120   20091006 1200   20100929 1200  358.0  1   629988.0  95430.0  2586.0   2  -779   900   1  -7011   1   1   114    45   105   0  mh,al,ns,ufr,uzh
        200   20091006 1200   20100929 1200  358.0  1   630318.0  95450.0  2629.0   2  -663   900   1  -5967   1   1   100    45    89   0  mh,al,ns,ufr,uzh
        310   20091006 1200   20100929 1200  358.0  1   630877.0  95491.0  2700.0   2  -549   900   1  -4941   1   1    86    45    74   0  mh,al,ns,ufr,uzh
        320   20091006 1200   20100929 1200  358.0  1   630994.0  95228.0  2712.0   2  -611   900   1  -5499   1   1    93    45    82   0  mh,al,ns,ufr,uzh
        400   20091006 1200   20100929 1200  358.0  1   631518.0  95376.0  2810.0   2  -470   900   1  -4230   1   1    77    45    63   0  mh,al,ns,ufr,uzh
        500   20091005 1200   20100929 1200  359.0  1   632186.0  95034.0  2936.0   2  -298   900   1  -2682   1   1    60    45    40   0  mh,al,ns,ufr,uzh
        610   20091005 1200   20100929 1200  359.0  1   632422.0  94966.0  2883.0   2  -307   900   1  -2763   1   1    61    45    41   0  mh,al,ns,ufr,uzh
        700   20091005 1200   20100929 1200  359.0  1   632531.0  94316.0  3047.0   2  -237   900   1  -2133   1   1    55    45    31   0  mh,al,ns,ufr,uzh
        800   20091005 1200   20100905 1200  335.0  1   633320.0  93841.0  3130.0   2  -139   900   1  -1251   1   1    48    45    18   0  mh,al,ns,ufr,uzh
        810   20091006 1200   20100929 1200  358.0  1   633435.0  94529.0  3165.0   2  -200   900   1  -1800   1   1    52    45    26   0  mh,al,ns,ufr,uzh
        820   20091006 1200   20100905 1200  334.0  1   632557.0  93740.0  3097.0   2  -190   900   1  -1710   1   1    51    45    25   0  mh,al,ns,ufr,uzh
       1010   20091006 1200   20100929 1200  358.0  1   635094.0  93920.0  3349.0   4    90   382   2    343   1   3    25    19    17   0  mh,al,ns,ufr,uzh
       1020   20091006 1200   20100929 1200  358.0  1   633843.0  92468.0  3392.0   2   240   457   2   1096   1   3    59    22    54   0  mh,al,ns,ufr,uzh
        110   20100929 1200   20110930 1200  366.0  1   629993.0  95566.0  2556.0   2  -960   900   1  -8640   1   1   137    45   129   0  mh,al,ns,ufr,uzh
        120   20100929 1200   20110930 1200  366.0  1   629995.0  95562.0  2613.0   2  -852   900   1  -7668   1   1   123    45   115   0  mh,al,ns,ufr,uzh
        200   20100929 1200   20110930 1200  366.0  1   630333.0  95451.0  2613.0   2  -852   900   1  -7668   1   1   123    45   115   0  mh,al,ns,ufr,uzh
        310   20100929 1200   20110930 1200  366.0  1   630871.0  95436.0  2681.0   2  -647   900   1  -5823   1   1    98    45    87   0  mh,al,ns,ufr,uzh
        320   20100929 1200   20110930 1200  366.0  1   630972.0  95255.0  2698.0   2  -752   900   1  -6768   1   1   111    45   101   0  mh,al,ns,ufr,uzh
        400   20100929 1200   20110929 1200  365.0  1   631526.0  95373.0  2810.0   2  -544   900   1  -4896   1   1    86    45    73   0  mh,al,ns,ufr,uzh
        500   20100929 1200   20110929 1200  365.0  1   632148.4  95073.6  2924.6   2  -311   900   1  -2799   1   1    61    45    41   0  mh,al,ns,ufr,uzh
        610   20100929 1200   20110929 1200  365.0  1   632358.0  95016.0  2955.0   2  -371   900   1  -3339   1   1    67    45    50   0  mh,al,ns,ufr,uzh
        700   20100929 1200   20110929 1200  365.0  1   632500.6  94346.8  3043.8   2  -266   900   1  -2394   1   1    57    45    35   0  mh,al,ns,ufr,uzh
        800   20100929 1200   20110930 1200  366.0  1   633302.0  93853.3  3126.8   2  -177   900   1  -1593   1   1    50    45    23   0  mh,al,ns,ufr,uzh
        810   20100929 1200   20110930 1200  366.0  1   633393.0  94520.0  3159.0   2  -235   900   1  -2115   1   1    55    45    31   0  mh,al,ns,ufr,uzh
        820   20100929 1200   20110930 1200  366.0  1   632539.4  93759.7  3093.3   2  -231   900   1  -2079   1   1    54    45    31   0  mh,al,ns,ufr,uzh
       1010   20100929 1200   20110929 1200  365.0  1   635015.0  93958.0  3338.0   2   -11   600   4    -66   1   1    31    30     7   0  mh,al,ns,ufr,uzh
       1020   20100929 1200   20110929 1200  365.0  1   634124.0  92327.0  3457.0   2   231   552   2   1275   1   3    69    27    63   0  mh,al,ns,ufr,uzh
        100   20110930 1200   20121002 1200  368.0  1   629997.0  95565.0  2581.0   2  -862   900   1  -7758   1   1   124    45   116   0  mh,al,ns,ufr,uzh
        200   20110930 1200   20121002 1200  368.0  1   630315.0  95444.0  2609.0   2  -668   900   1  -6012   1   1   100    45    90   0  mh,al,ns,ufr,uzh
        310   20110930 1200   20121002 1200  368.0  1   630879.0  95429.0  2687.0   2  -554   900   1  -4986   1   1    87    45    74   0  mh,al,ns,ufr,uzh
        320   20110930 1200   20121002 1200  368.0  1   630980.0  95275.0  2701.0   2  -680   900   1  -6120   1   1   102    45    91   0  mh,al,ns,ufr,uzh
        400   20110929 1200   20121002 1200  369.0  1   631530.0  95375.0  2800.0   2  -465   900   1  -4185   1   1    77    45    62   0  mh,al,ns,ufr,uzh
        500   20110929 1200   20121002 1200  369.0  1   632190.0  95033.0  2928.0   2  -298   900   1  -2682   1   1    60    45    40   0  mh,al,ns,ufr,uzh
        610   20110929 1200   20121002 1200  369.0  1   632417.0  94974.0  2965.0   2  -412   900   1  -3708   1   1    71    45    55   0  mh,al,ns,ufr,uzh
        700   20110929 1200   20121002 1200  369.0  1   632528.0  94318.0  3030.0   2  -245   900   1  -2205   1   1    55    45    33   0  mh,al,ns,ufr,uzh
        810   20110930 1200   20121002 1200  368.0  1   633396.0  94526.0  3154.0   2  -206   900   1  -1854   1   1    52    45    27   0  mh,al,ns,ufr,uzh
        820   20110930 1200   20121002 1200  368.0  1   632550.0  93728.0  3095.0   2  -236   900   1  -2124   1   1    55    45    31   0  mh,al,ns,ufr,uzh
        910   20110930 1200   20121002 1200  368.0  1   634444.0  94303.0  3277.0   2  -103   900   1   -927   1   1    47    45    13   0  mh,al,ns,ufr,uzh
        940   20110930 1200   20121002 1200  368.0  1   633626.0  93065.0  3268.0   2  -110   900   1   -990   1   1    47    45    14   0  mh,al,ns,ufr,uzh
       1010   20110929 1200   20121002 1200  369.0  1   635015.0  93958.0  3338.0   2   198   467   2    924   1   3    51    23    46   0  mh,al,ns,ufr,uzh
       1020   20110929 1200   20121002 1200  369.0  1   634134.0  92343.0  3450.0   2   143   468   2    669   1   3    40    23    33   0  mh,al,ns,ufr,uzh
        200   20121002 1200   20130927 1200  360.0  1   630313.0  95442.0  2604.0   2  -630   900   1  -5670   1   1    96    45    85   0  mh,al,ns,ufr,uzh
        310   20121002 1200   20130927 1200  360.0  1   630880.0  95426.0  2683.0   2  -441   900   1  -3969   1   1    74    45    59   0  mh,al,ns,ufr,uzh
        320   20121002 1200   20130927 1200  360.0  1   630987.0  95262.0  2699.0   2  -566   900   1  -5094   1   1    88    45    76   0  mh,al,ns,ufr,uzh
        400   20121002 1200   20130925 1200  358.0  1   631493.0  95381.0  2802.0   2  -354   900   1  -3186   1   1    65    45    47   0  mh,al,ns,ufr,uzh
        500   20121002 1200   20130925 1200  358.0  1   632115.0  95108.0  2913.0   2  -167   900   1  -1503   1   1    50    45    22   0  mh,al,ns,ufr,uzh
        610   20121002 1200   20130925 1200  358.0  1   632359.0  95025.0  2959.0   2  -263   900   1  -2367   1   1    57    45    35   0  mh,al,ns,ufr,uzh
        700   20121002 1200   20130925 1200  358.0  1   632470.0  94383.0  3040.0   2  -242   900   1  -2178   1   1    55    45    32   0  mh,al,ns,ufr,uzh
        800   20121002 1200   20130925 1200  358.0  1   633245.0  93889.0  3126.0   2   -44   900   1   -396   1   1    45    45     5   0  mh,al,ns,ufr,uzh
        810   20121002 1200   20130925 1200  358.0  1   633346.0  94524.0  3054.0   2  -108   900   1   -972   1   1    47    45    14   0  mh,al,ns,ufr,uzh
        820   20121002 1200   20130925 1200  358.0  1   632557.0  93740.0  3097.0   4  -100   900   1   -900   1   1    46    45    13   0  mh,al,ns,ufr,uzh
        910   20121002 1200   20130925 1200  358.0  1   634374.0  94325.0  3262.0   2   105   515   3    540   1   1    50    25    43   0  mh,al,ns,ufr,uzh
        940   20121002 1200   20130925 1200  358.0  1   633576.0  93127.0  3243.0   2    58   515   3    298   1   1    35    25    23   0  mh,al,ns,ufr,uzh
       1010   20121002 1200   20130925 1200  358.0  1   635070.0  93938.0  3343.0   2   183   515   2    942   1   3    53    25    47   0  mh,al,ns,ufr,uzh
       1020   20121002 1200   20130925 1200  358.0  1   634140.0  92337.0  3460.0   2   357   515   3   1838   4   1   254   207   147   0  mh,al,ns,ufr,uzh
        200   20130927 1200   20140927 1200  365.0  1   630322.0  95441.0  2598.0   2  -680   900   1  -6120   1   1   102    45    91   0  mh,al,ns,ufr,uzh
        310   20130927 1200   20140927 1200  365.0  1   630906.0  95419.0  2690.0   2  -490   900   1  -4410   1   1    80    45    66   0  mh,al,ns,ufr,uzh
        320   20130927 1200   20140927 1200  365.0  1   630987.0  95262.0  2699.0   2  -584   900   1  -5256   1   1    90    45    78   0  mh,al,ns,ufr,uzh
        400   20130925 1200   20140927 1200  367.0  1   631493.0  95381.0  2802.0   2  -291   900   1  -2619   1   1    59    45    39   0  mh,al,ns,ufr,uzh
       500o   20130925 1200   20140927 1200  367.0  1   632115.0  95108.0  2913.0   2  -261   900   1  -2349   1   1    57    45    35   0  mh,al,ns,ufr,uzh
        500   20130925 1200   20140927 1200  367.0  1   632190.0  95030.0  2935.0   2  -391   900   1  -3519   1   1    69    45    52   0  mh,al,ns,ufr,uzh
        610   20130925 1200   20140927 1200  367.0  1   632421.0  94960.0  2969.0   2  -234   900   1  -2106   1   1    54    45    31   0  mh,al,ns,ufr,uzh
        700   20130925 1200   20140927 1200  367.0  1   632526.0  94391.0  3042.0   2  -147   900   1  -1323   1   1    49    45    19   0  mh,al,ns,ufr,uzh
        800   20130925 1200   20140927 1200  367.0  1   633245.0  93889.0  3126.0   4   -68   900   1   -612   1   1    45    45     9   0  mh,al,ns,ufr,uzh
        810   20130925 1200   20140927 1200  367.0  1   633370.0  94525.0  3151.0   2  -103   900   1   -927   1   1    47    45    13   0  mh,al,ns,ufr,uzh
        820   20130925 1200   20140927 1200  367.0  1   632557.0  93740.0  3097.0   4   -99   900   1   -891   1   1    46    45    13   0  mh,al,ns,ufr,uzh
        910   20130925 1200   20140927 1200  367.0  1   634374.0  94325.0  3262.0   2    67   522   1    349   1   1    26    26     5   0  mh,al,ns,ufr,uzh
        940   20130925 1200   20140927 1200  367.0  1   633576.0  93127.0  3243.0   2    57   522   1    297   1   1    26    26     4   0  mh,al,ns,ufr,uzh
       1010   20130925 1200   20140927 1200  367.0  1   635094.0  93919.0  3350.0   2   193   522   2   1007   1   3    56    26    50   0  mh,al,ns,ufr,uzh
        200   20140927 1200   20150921 1200  359.0  1   630323.0  95445.0  2612.0   2  -864   900   1  -7776   1   1   125    45   116   0  mh,al,ns,ufr,uzh
        310   20140927 1200   20150921 1200  359.0  1   630909.0  95418.0  2694.0   2  -637   900   1  -5733   1   1    97    45    85   0  mh,al,ns,ufr,uzh
        320   20140927 1200   20150921 1200  359.0  1   630984.0  95270.0  2701.0   2  -781   900   1  -7029   1   1   114    45   105   0  mh,al,ns,ufr,uzh
        500   20140927 1200   20150921 1200  359.0  1   632156.0  95069.0  2928.0   2  -431   900   1  -3879   1   1    73    45    58   0  mh,al,ns,ufr,uzh
        610   20140927 1200   20150921 1200  359.0  1   632392.0  94988.0  2957.0   2  -396   900   1  -3564   1   1    69    45    53   0  mh,al,ns,ufr,uzh
        700   20140927 1200   20150921 1200  359.0  1   632497.0  94371.0  3046.0   2  -290   900   1  -2610   1   1    59    45    39   0  mh,al,ns,ufr,uzh
        800   20140927 1200   20150921 1200  359.0  1   633320.0  93841.0  3130.0   2  -142   900   1  -1278   1   1    48    45    19   0  mh,al,ns,ufr,uzh
       800o   20140927 1200   20150921 1200  359.0  1   633245.0  93889.0  3126.0   4  -103   900   1   -927   1   1    47    45    13   0  mh,al,ns,ufr,uzh
        810   20140927 1200   20150921 1200  359.0  1   633326.0  94526.0  3139.0   2  -223   900   1  -2007   1   1    54    45    30   0  mh,al,ns,ufr,uzh
        820   20140927 1200   20150921 1200  359.0  1   632540.0  93763.0  3093.0   2  -259   900   1  -2331   1   1    56    45    34   0  mh,al,ns,ufr,uzh
        910   20140927 1200   20150921 1200  359.0  1   634332.0  94322.0  3261.0   2   -38   650   4   -247   1   1    43    32    29   0  mh,al,ns,ufr,uzh
        940   20140927 1200   20150921 1200  359.0  1   633542.0  93155.0  3259.0   2   -26   650   4   -169   1   1    38    32    20   0  mh,al,ns,ufr,uzh
       1010   20140927 1200   20150921 1200  359.0  1   635095.0  93918.0  3353.0   2   140   470   2    658   1   3    40    23    32   0  mh,al,ns,ufr,uzh
       1020   20140927 1200   20150921 1200  359.0  1   634158.0  92339.0  3458.0   2   277   446   2   1235   1   3    65    22    61   0  mh,al,ns,ufr,uzh
        200   20150921 1200   20160922 1200  367.0  1   630331.0  95466.0  2614.0   2  -798   900   1  -7182   1   1   116    45   107   0  mh,al,ns,ufr,uzh
        310   20150921 1200   20160922 1200  367.0  1   630909.0  95416.0  2713.0   2  -590   900   1  -5310   1   1    91    45    79   0  mh,al,ns,ufr,uzh
        320   20150921 1200   20160922 1200  367.0  1   631010.0  95274.0  2701.0   2  -563   900   1  -5067   1   1    88    45    76   0  mh,al,ns,ufr,uzh
        400   20150921 1200   20160922 1200  367.0  1   631526.0  95379.0  2806.0   2  -533   900   1  -4797   1   1    84    45    71   0  mh,al,ns,ufr,uzh
        500   20150921 1200   20160922 1200  367.0  1   632181.0  94983.0  2940.0   2  -300   900   1  -2700   1   1    60    45    40   0  mh,al,ns,ufr,uzh
        610   20150921 1200   20160922 1200  367.0  1   632415.0  94970.0  2968.0   2  -349   900   1  -3141   1   1    65    45    47   0  mh,al,ns,ufr,uzh
        700   20150921 1200   20160922 1200  367.0  1   632534.0  94365.0  3040.0   2  -247   900   1  -2223   1   1    56    45    33   0  mh,al,ns,ufr,uzh
        800   20150921 1200   20160922 1200  367.0  1   633299.0  93862.0  3123.0   2  -141   900   1  -1269   1   1    48    45    19   0  mh,al,ns,ufr,uzh
        810   20150921 1200   20160922 1200  367.0  1   633279.0  94525.0  3136.0   2  -207   900   1  -1863   1   1    52    45    27   0  mh,al,ns,ufr,uzh
        820   20150921 1200   20160922 1200  367.0  1   632519.0  93787.0  3093.0   2  -171   900   1  -1539   1   1    50    45    23   0  mh,al,ns,ufr,uzh
        910   20150921 1200   20160922 1200  367.0  1   634295.0  94342.0  3258.0   2  -105   750   4   -787   1   1   101    37    94   0  mh,al,ns,ufr,uzh
        940   20150921 1200   20160922 1200  367.0  1   633648.0  93054.0  3270.0   2  -170   800   4  -1360   1   1   168    40   163   0  mh,al,ns,ufr,uzh
       1010   20150921 1200   20160922 1200  367.0  1   635095.0  93918.0  3353.0   2    51   198   2    100   1   3    11     9     5   0  mh,al,ns,ufr,uzh
       1020   20150921 1200   20160922 1200  367.0  1   634303.0  92288.0  3479.0   2   126   299   2    376   1   3    24    14    18   0  mh,al,ns,ufr,uzh
        200   20160922 1200   20170921 1200  364.0  1   630419.0  95449.0  2596.0   2  -786   900   1  -7074   1   1   115    45   106   0  mh,al,ns,ufr,uzh
        310   20160922 1200   20170921 1200  364.0  1   630934.0  95404.0  2677.0   2  -658   900   1  -5922   1   1    99    45    88   0  mh,al,ns,ufr,uzh
        400   20160922 1200   20170921 1200  364.0  1   631504.0  95374.0  2787.0   2  -550   900   1  -4950   1   1    86    45    74   0  mh,al,ns,ufr,uzh
        500   20160922 1200   20170921 1200  364.0  1   632160.0  95014.0  2926.0   2  -340   900   1  -3060   1   1    64    45    45   0  mh,al,ns,ufr,uzh
        610   20160922 1200   20170921 1200  364.0  1   632355.0  95012.0  2949.0   2  -429   900   1  -3861   1   1    73    45    57   0  mh,al,ns,ufr,uzh
        700   20160922 1200   20170921 1200  364.0  1   632473.0  94425.0  3031.0   2  -352   900   1  -3168   1   1    65    45    47   0  mh,al,ns,ufr,uzh
        800   20160922 1200   20170921 1200  364.0  1   633311.0  93855.0  3125.0   2  -179   900   1  -1611   1   1    51    45    24   0  mh,al,ns,ufr,uzh
        810   20160922 1200   20170921 1200  364.0  1   633338.0  94544.0  3148.0   2  -321   900   1  -2889   1   1    62    45    43   0  mh,al,ns,ufr,uzh
        820   20160922 1200   20170921 1200  364.0  1   632544.0  93756.0  3091.0   2  -282   900   1  -2538   1   1    58    45    38   0  mh,al,ns,ufr,uzh
        940   20160922 1200   20170921 1200  364.0  1   633596.0  93120.0  3254.0   2  -196   800   4  -1568   1   1   192    40   188   0  mh,al,ns,ufr,uzh
       1010   20160922 1200   20170921 1200  364.0  1   635036.0  93958.0  3343.0   2   -20   600   4   -120   1   1    33    30    14   0  mh,al,ns,ufr,uzh
       1020   20160922 1200   20170921 1200  364.0  1   634291.0  92304.0  3478.2   2     0   600   4      0   3   1   241   241     0   0  mh,al,ns,ufr,uzh
        200   20170921 1200   20180926 1200  370.0  1   630462.0  95440.0  2599.0   2  -797   900   1  -7173   1   1   116    45   107   0  mh,al,ns,ufr,uzh
        300   20170921 1200   20180926 1200  370.0  1   630951.0  95346.0  2680.0   2  -706   900   1  -6354   1   1   105    45    95   0  mh,al,ns,ufr,uzh
        400   20170921 1200   20180926 1200  370.0  1   631522.0  95387.0  2786.0   2  -528   900   1  -4752   1   1    84    45    71   0  mh,al,ns,ufr,uzh
        500   20170921 1200   20180926 1200  370.0  1   632136.0  95043.0  2934.0   2  -347   900   1  -3123   1   1    64    45    46   0  mh,al,ns,ufr,uzh
        700   20170921 1200   20180926 1200  370.0  1   632537.0  94329.0  3039.0   2  -286   900   1  -2574   1   1    59    45    38   0  mh,al,ns,ufr,uzh
        800   20170921 1200   20180926 1200  370.0  1   633311.0  93855.0  3125.0   2  -176   900   1  -1584   1   1    50    45    23   0  mh,al,ns,ufr,uzh
        810   20170921 1200   20180926 1200  370.0  1   633367.0  94537.0  3155.0   2  -261   900   1  -2349   1   1    57    45    35   0  mh,al,ns,ufr,uzh
        820   20170921 1200   20180926 1200  370.0  1   632565.0  93737.0  3093.0   2  -256   900   1  -2304   1   1    56    45    34   0  mh,al,ns,ufr,uzh
        910   20170921 1200   20180926 1200  370.0  1   634444.0  94306.0  3269.0   2  -141   900   1  -1269   1   1    48    45    19   0  mh,al,ns,ufr,uzh
        940   20170921 1200   20180926 1200  370.0  1   633617.0  93078.0  3258.0   2  -123   900   1  -1107   1   1    47    45    16   0  mh,al,ns,ufr,uzh
       1010   20170921 1200   20180926 1200  370.0  1   635096.0  93922.0  3351.6   2    20   600   2    120   1   3    30    30     6   0  mh,al,ns,ufr,uzh
        200   20180926 1200   20190917 1200  356.0  1   630581.3  95422.4  2602.8   2  -636   900   1  -5724   1   1    96    45    85   0  mh,al,ns,ufr,uzh
        300   20180926 1200   20190917 1200  356.0  1   630950.2  95345.3  2664.3   2  -653   900   1  -5877   1   1    98    45    88   0  mh,al,ns,ufr,uzh
        400   20180926 1200   20190917 1200  356.0  1   631494.7  95392.6  2787.6   2  -437   900   1  -3933   1   1    74    45    58   0  mh,al,ns,ufr,uzh
        500   20180926 1200   20190917 1200  356.0  1   632162.0  95020.9  2920.7   2  -222   900   1  -1998   1   1    54    45    29   0  mh,al,ns,ufr,uzh
        700   20180926 1200   20190917 1200  356.0  1   632510.5  94357.3  3036.4   2  -204   900   1  -1836   1   1    52    45    27   0  mh,al,ns,ufr,uzh
        800   20180926 1200   20190917 1200  356.0  1   633305.8  93859.9  3126.5   2  -118   900   1  -1062   1   1    47    45    15   0  mh,al,ns,ufr,uzh
        810   20180926 1200   20190917 1200  356.0  1   633367.0  94537.0  3155.0   2  -221   900   1  -1989   1   1    53    45    29   0  mh,al,ns,ufr,uzh
        820   20180926 1200   20190917 1200  356.0  1   632550.7  93753.1  3090.3   2  -181   900   1  -1629   1   1    51    45    24   0  mh,al,ns,ufr,uzh
        910   20180926 1200   20190917 1200  356.0  1   634408.0  94290.9  3260.0   2     2  1000   5     20   1   1    50    50     2   0  mh,al,ns,ufr,uzh
        940   20180926 1200   20190917 1200  356.0  1   633625.9  93105.8  3261.4   2   -64   900   1   -576   1   1    45    45     8   0  mh,al,ns,ufr,uzh
       1010   20180926 1200   20190917 1200  356.0  1   635070.6  93939.7  3344.3   2    85   518   2    440   1   3    33    25    22   0  mh,al,ns,ufr,uzh
       1020   20180926 1200   20190917 1200  356.0  1   634353.2  92285.3  3485.1   2   256   571   2   1461   1   3    78    28    73   0  mh,al,ufr,uzh
        200   20190917 1200   20200915 1200  364.0  1   630638.0  95394.0  2598.0   2  -684   900   1  -6156   1   1   102    45    92   0  mh,al,ufr,uzh
        300   20190917 1200   20200915 1200  364.0  1   630985.0  95377.0  2670.0   2  -716   900   1  -6444   1   1   106    45    96   0  mh,al,ufr,uzh
        400   20190917 1200   20200915 1200  364.0  1   632136.0  95052.0  2788.0   2  -566   900   1  -5094   1   1    88    45    76   0  mh,al,ufr,uzh
        500   20190917 1200   20200915 1200  364.0  1   632164.0  95017.0  2922.0   2  -258   900   1  -2322   1   1    56    45    34   0  mh,al,ufr,uzh
        700   20190917 1200   20200915 1200  364.0  1   632527.0  94347.0  3038.0   2  -222   900   1  -1998   1   1    54    45    29   0  mh,al,ufr,uzh
        800   20190917 1200   20200915 1200  364.0  1   633276.0  93879.0  3121.0   2  -122   900   1  -1098   1   1    47    45    16   0  mh,al,ufr,uzh
        810   20190917 1200   20200915 1200  364.0  1   633280.0  94558.0  3142.0   2  -223   900   1  -2007   1   1    54    45    30   0  mh,al,ufr,uzh
        820   20190917 1200   20200915 1200  364.0  1   632533.0  93778.0  3088.0   2  -184   900   1  -1656   1   1    51    45    24   0  mh,al,ufr,uzh
        910   20190917 1200   20200915 1200  364.0  1   634373.0  94301.0  3253.0   2     0   900   1      0   1   1    45    45     0   0  mh,al,ufr,uzh
        930   20190917 1200   20200915 1200  364.0  1   633942.0  93595.0  3239.0   2    27  1000   5    270   1   1    56    50    27   0  mh,al,ufr,uzh
        940   20190917 1200   20200915 1200  364.0  1   633628.0  93107.0  3262.0   2   -41   900   1   -369   1   1    45    45     5   0  mh,al,ufr,uzh
       1010   20190917 1200   20200915 1200  364.0  1   635069.0  93942.0  3345.0   2    80   525   2    420   1   3    33    26    21   0  mh,al,ufr,uzh
       1020   20190917 1200   20200915 1200  364.0  1   634363.0  92294.0  3477.0   2   228   580   2   1322   1   3    72    29    66   0  mh,al,ufr,uzh
       WGMS   20200915 1200   20210922 1200  372.0  1   630766.0  95400.0  2640.0   2  -699   900   1  -6291   1   1   104    45    94   0  mh,al,ufr,uzh
        300   20200915 1200   20210922 1200  372.0  1   631002.0  95380.0  2664.0   2  -648   900   1  -5832   1   1    98    45    87   0  mh,al,ufr,uzh
        400   20200915 1200   20210922 1200  372.0  1   631491.0  95390.0  2780.0   2  -478   900   1  -4302   1   1    78    45    64   0  mh,al,ufr,uzh
        500   20200915 1200   20210922 1200  372.0  1   632169.0  95009.0  2879.0   2  -316   900   1  -2844   1   1    62    45    42   0  mh,al,ufr,uzh
        700   20200915 1200   20210922 1200  372.0  1   632501.0  94371.0  3028.0   2  -287   900   1  -2583   1   1    59    45    38   0  mh,al,ufr,uzh
        800   20200915 1200   20210922 1200  372.0  1   633276.0  93879.0  3121.0   2  -156   900   1  -1404   1   1    49    45    21   0  mh,al,ufr,uzh
        810   20200915 1200   20210922 1200  372.0  1   633321.0  94557.0  3144.0   2  -213   900   1  -1917   1   1    53    45    28   0  mh,al,ufr,uzh
        820   20200915 1200   20210922 1200  372.0  1   632522.0  93769.0  3093.0   2  -208   900   1  -1872   1   1    53    45    28   0  mh,al,ufr,uzh
        910   20200915 1200   20210922 1200  372.0  1   634447.0  94286.0  3264.0   2   -50   900   1   -450   1   1    45    45     6   0  mh,al,ufr,uzh
        930   20200915 1200   20210922 1200  372.0  1   633933.0  93597.0  3236.0   2   -56   900   1   -504   1   1    45    45     7   0  mh,al,ufr,uzh
        940   20200915 1200   20210922 1200  372.0  1   633623.0  93108.0  3258.0   2  -131   900   1  -1179   1   1    48    45    17   0  mh,al,ufr,uzh
       1010   20200915 1200   20210922 1200  372.0  1   635068.0  93938.0  3349.0   2     5  1000   5     50   1   3    50    50     5   0  mh,al,ufr,uzh
       1020   20200915 1200   20210922 1200  372.0  1   634349.0  92293.0  3504.0   2   245   472   2   1156   1   3    62    23    57   0  mh,al,ufr,uzh
        300   20210922 1200   20220905 1200  348.0  1   631010.0  95409.0  2651.0   2  -779   900   1  -7011   1   1   114    45   105   0  mh,al
        400   20210922 1200   20220905 1200  348.0  1   631504.0  95383.0  2776.0   2  -701   900   1  -6309   1   1   104    45    94   0  mh,al
        500   20210922 1200   20220905 1200  348.0  1   632169.0  95010.0  2916.0   2  -547   900   1  -4923   1   1    86    45    73   0  mh,al
        700   20210922 1200   20220905 1200  348.0  1   632528.0  94348.0  3027.0   2  -501   900   1  -4509   1   1    81    45    67   0  mh,al
        800   20210922 1200   20220905 1200  348.0  1   633276.0  93876.0  3115.0   2  -382   900   1  -3438   1   1    68    45    51   0  mh,al
        810   20210922 1200   20220905 1200  348.0  1   633328.0  94554.0  3141.0   2  -499   900   1  -4491   1   1    81    45    67   0  mh,al
        820   20210922 1200   20220905 1200  348.0  1   632508.0  93786.0  3081.0   2  -471   900   1  -4239   1   1    77    45    63   0  mh,al
        910   20210922 1200   20220905 1200  348.0  1   634383.0  94298.0  3262.0   2  -363   885   4  -3212   3   1   525   356   385   0  mh,al
        930   20210922 1200   20220905 1200  348.0  1   633924.0  93597.0  3232.0   2  -301   900   1  -2709   1   1    60    45    40   0  mh,al
        940   20210922 1200   20220905 1200  348.0  1   633627.0  93102.0  3253.0   2  -350   900   1  -3150   3   1   365   362    47   0  mh,al
       1010   20210922 1200   20220905 1200  348.0  1   635045.0  93957.0  3338.0   2  -320   726   4  -2323   3   1   404   292   278   0  mh,al
       1020   20210922 1200   20220905 1200  348.0  1   634359.0  92287.0  3477.0   2  -150   600   2   -900   5   1   246   241    45   0  mh,al
     Fi-300   20220905 1200   20230919 1200  379.0  1   631006.0  95410.0  2640.0   2  -800   900   1  -7200   1   1   116    45   107   0  mh,al
     Fi-400   20220905 1200   20230919 1200  379.0  1   631488.0  95378.0  2769.0   2  -630   900   1  -5670   1   1    96    45    85   0  mh,al
     Fi-500   20220905 1200   20230919 1200  379.0  1   632147.0  95033.0  2904.0   2  -471   900   1  -4239   1   1    77    45    63   0  mh,al
     Fi-700   20220905 1200   20230919 1200  379.0  1   632508.0  94370.0  3029.0   2  -410   900   1  -3690   1   1    71    45    55   0  mh,al
     Fi-800   20220905 1200   20230919 1200  379.0  1   633276.0  93876.0  3115.0   2  -299  1000   1  -2990   1   1    67    50    44   0  mh,al
     Fi-810   20220905 1200   20230919 1200  379.0  1   633328.0  94554.0  3141.0   2  -364  1000   1  -3640   1   1    74    50    54   0  mh,al
     Fi-820   20220905 1200   20230919 1200  379.0  1   632508.0  93786.0  3081.0   2  -314  1000   1  -3140   1   1    68    50    47   0  mh,al
     Fi-910   20220905 1200   20230919 1200  379.0  1   634383.0  94298.0  3262.0   2  -230  1000   1  -2300   1   1    60    50    34   0  mh,al
     Fi-930   20220905 1200   20230919 1200  379.0  1   633924.0  93597.0  3232.0   2  -262  1000   1  -2620   3   1   405   403    39   0  mh,al
     Fi-940   20220905 1200   20230919 1200  379.0  1   633627.0  93102.0  3253.0   2  -265  1000   1  -2650   1   1    63    50    39   0  mh,al
    Fi-1010   20220905 1200   20230919 1200  379.0  1   635045.0  93957.0  3338.0   2  -179  1000   1  -1790   3   1   404   403    26   0  mh,al
    Fi-1020   20220905 1200   20230919 1200  379.0  1   634359.0  92287.0  3477.0   2    69   550   4    379   2   2   131   122    45   0  mh,al
